#' =============================================================================
#' Project: American Lung Association HIA
#' Date created: March 29, 2018
#' Author: Sheena Martenies
#' Contact: Sheena.Martenies@colostate.edu
#' 
#' Description:
#' 
#' This project estimates the health impacts attributable to two coal-fired 
#' power plants in the front range region of CO: Comanche (in Pueblo, CO) and 
#' Martin Drake (in Colorado Springs, CO). The facilities are slated to be 
#' decommissioned by 2025.
#' 
#' This script summarizes exposures and health benefits at the ZCTA level,
#' calculates the rate of attributable impacts for each ZCTA, maps
#' these rates, and then generates the AI and CI estimates for each pollutant-
#' outcome combination. Concentration curves are also plotted and saved
#' 
#' The final results are saved as an Excel spreadsheet
#' =============================================================================

pueblo_zips <- c("81001", "81003", "81004", "81005", "81006",
                 "81007", "81008", "81022", "81025")

springs_zips <- c("80938", "80939", "80951", "80918", "80919", "80920",
                  "80921", "80922", "80923", "80924", "80925", "80926",
                  "80927", "80929", "80903", "80904", "80905", "80906", 
                  "80907", "80908", "80909", "80910", "80911", "80914",
                  "80915", "80916", "80917", "80809", "80829", "80831",
                  "80840", "80913", "80817", "80925", "80929")

sfr_zips <-  c("80938", "80939", "80951", "81001", "81003", "81004", "81005",
               "81006", "81007", "81008", "81019", "81020", "81022", "81023",
               "81025", "81039", "81040", "80918", "80919", "80920", "80921",
               "80922", "80923", "80924", "80925", "80926", "80927", "80928",
               "80929", "80930", "80863", "80864", "80902", "80903", "80904",
               "80905", "80906", "80907", "80908", "80909", "80910", "80911",
               "80913", "80914", "80915", "80916", "80917", "81059", "81062", 
               "81067", "81069", "81089", "81131", "81143", "80106", "80118",
               "80808", "80809", "80813", "80814", "80816", "80817", "80819",
               "80132", "80133", "80135", "80449", "81212", "81221", "81222",
               "81223", "81226", "81232", "81233", "81240", "81244", "81252",
               "81253", "81155", "81201", "80820", "80827", "80829", "80830", 
               "80831", "80832", "80833", "80835", "80840", "80860")

#' For the report!!
#' What is the area of the receptor grid?
load(paste("./HIA Inputs/", pre[s], "cmaq_spatial.RData", sep=""))
cmaq_bound <- gConvexHull(cmaq_p)
cmaq_bound <- st_as_sf(cmaq_bound) %>% 
  st_transform(albers)
plot(st_geometry(cmaq_bound))
as.numeric(st_area(cmaq_bound)) / (1000**2) # area in km^2

load(paste("./HIA Inputs/", pre[s], "zcta.RData", sep=""))
zcta_sf <- st_as_sf(zcta) %>% 
  st_transform(albers) %>%
  st_union()
plot(st_geometry(zcta_sf))
as.numeric(st_area(zcta_sf)) / (1000**2) # area in km^2

#' How many people live in the study area?
zcta_ids <- unique(zcta@data$GEOID10)
pop <- read.table(pop_file, header=T, stringsAsFactors = F) 
sum(pop$total) #' all zip codes

zcta_pop <- pop %>%
  filter(GEOID %in% zcta_ids) %>%
  select(GEOID, total) %>%
  summarize(total_pop = sum(total))
zcta_pop #' ZIP codes in the study area

# For posterity, summarize CMAQ receptor concentrations----
rec_summary <- data.frame()
pol_names <- c("pm", "o3")

for (i in 1:length(pol_names)) {
  load(paste("./HIA Inputs/", pre[s], 
             pol_names[i], "_receptor_metrics.RData", sep=""))
  
  metrics <- names(exp_list)
  
  for (j in 1:length(metrics)) {
    exp_df <- exp_list[[j]]
    
    temp <- data.frame(pol = pol_names[i],
                       season = pre[s],
                       metric = metrics[j],
                       mean = mean(exp_df[,metrics[j]], na.rm=T),
                       sd = sd(exp_df[,metrics[j]], na.rm=T),
                       min = min(exp_df[,metrics[j]], na.rm=T),
                       median = median(exp_df[,metrics[j]], na.rm=T),
                       max = max(exp_df[,metrics[j]], na.rm=T))
    rec_summary <- bind_rows(rec_summary, temp)
    rm(temp)
  }
  
  load(paste("./HIA Inputs/", pre[s+1], 
             pol_names[i], "_receptor_metrics.RData", sep=""))
  
  metrics <- names(exp_list)
  
  for (j in 1:length(metrics)) {
    exp_df <- exp_list[[j]]
    
    temp <- data.frame(pol = pol_names[i],
                       season = pre[s+1],
                       metric = metrics[j],
                       mean = mean(exp_df[,metrics[j]], na.rm=T),
                       sd = sd(exp_df[,metrics[j]], na.rm=T),
                       min = min(exp_df[,metrics[j]], na.rm=T),
                       median = median(exp_df[,metrics[j]], na.rm=T),
                       max = max(exp_df[,metrics[j]], na.rm=T))
    rec_summary <- bind_rows(rec_summary, temp)
    rm(temp)
  }
}

write_xlsx(rec_summary,
           path=paste("./HIA Outputs/", pre[s], pre[s+1],
                      "receptor_conc_summary.xlsx",sep=""))

# First, summarize ZCTA Exposures----
exp_summary <- data.frame()
pol_names <- c("pm", "o3")

for (i in 1:length(pol_names)) {
  load(paste("./HIA Inputs/", pre[s], 
             pol_names[i], "_zcta_metrics.RData", sep=""))
  
  metrics <- names(zcta_list)
  
  for (j in 1:length(metrics)) {
    exp_df <- zcta_list[[j]]
    
    temp <- data.frame(pol = pol_names[i],
                       zctas = "all",
                       season = pre[s],
                       metric = metrics[j],
                       mean = mean(exp_df$wt_conc, na.rm=T),
                       sd = sd(exp_df$wt_conc, na.rm=T),
                       min = min(exp_df$wt_conc, na.rm=T),
                       median = median(exp_df$wt_conc, na.rm=T),
                       max = max(exp_df$wt_conc, na.rm=T))
    exp_summary <- bind_rows(exp_summary, temp)
    rm(temp)
    
    exp_df2 <- zcta_list[[j]] %>% 
      filter(GEOID10 %in% springs_zips)
    
    temp <- data.frame(pol = pol_names[i],
                       zctas = "springs",
                       season = pre[s],
                       metric = metrics[j],
                       mean = mean(exp_df2$wt_conc, na.rm=T),
                       sd = sd(exp_df2$wt_conc, na.rm=T),
                       min = min(exp_df2$wt_conc, na.rm=T),
                       median = median(exp_df2$wt_conc, na.rm=T),
                       max = max(exp_df2$wt_conc, na.rm=T))
    exp_summary <- bind_rows(exp_summary, temp)
    rm(temp)
    
    exp_df3 <- zcta_list[[j]] %>% 
      filter(GEOID10 %in% pueblo_zips)
    
    temp <- data.frame(pol = pol_names[i],
                       zctas = "pueblo",
                       season = pre[s],
                       metric = metrics[j],
                       mean = mean(exp_df3$wt_conc, na.rm=T),
                       sd = sd(exp_df3$wt_conc, na.rm=T),
                       min = min(exp_df3$wt_conc, na.rm=T),
                       median = median(exp_df3$wt_conc, na.rm=T),
                       max = max(exp_df3$wt_conc, na.rm=T))
    exp_summary <- bind_rows(exp_summary, temp)
    rm(temp)
    
  }
  
  load(paste("./HIA Inputs/", pre[s+1], 
             pol_names[i], "_zcta_metrics.RData", sep=""))
  
  metrics <- names(zcta_list)
  
  for (j in 1:length(metrics)) {
    exp_df <- zcta_list[[j]]
    
    temp <- data.frame(pol = pol_names[i],
                       zctas = "all",
                       season = pre[s+1],
                       metric = metrics[j],
                       mean = mean(exp_df$wt_conc, na.rm=T),
                       sd = sd(exp_df$wt_conc, na.rm=T),
                       min = min(exp_df$wt_conc, na.rm=T),
                       median = median(exp_df$wt_conc, na.rm=T),